0 404
0 547
1 52
1 1121
2 822
3 334
3 422
3 1439
4 495
4 600
5 6
5 8
6 8
7 1232
7 1469
8 705
9 970
10 11
10 12
11 1218
11 12
13 162
13 723
13 761
14 1827
15 550
15 1103
16 461
16 1075
16 1171
17 738
18 42
19 26
19 41
20 396
20 575
20 780
20 1096
20 1607
21 660
21 668
21 1112
22 1320
23 885
24 102
24 154
24 1252
24 1547
25 1040
25 1086
26 1799
26 41
27 514
27 546
28 440
28 474
28 664
29 539
29 620
29 1304
30 1487
31 744
32 109
33 861
34 542
34 596
34 1530
34 1812
35 198
35 890
35 993
36 1116
37 441
37 1805
38 235
38 920
38 1420
39 773
39 1706
40 326
42 290
42 750
42 1701
43 674
43 883
43 1492
43 1783
43 1856
44 287
44 623
45 1302
46 298
46 56
46 60
47 74
47 125
47 677
47 1073
47 1517
48 179
48 1652
48 1760
49 111
49 281
49 1375
49 1819
50 476
51 1358
51 1752
52 79
52 1110
52 1209
53 263
53 370
54 348
54 555
54 869
55 350
56 60
57 1687
58 454
58 1239
59 1240
61 271
61 548
61 1613
61 1787
62 102
62 407
63 340
63 398
63 1246
63 1404
63 1605
63 1657
64 455
64 939
64 1368
64 1639
64 1805
65 513
65 1254
66 1866
66 87
67 261
67 284
67 655
67 947
68 617
69 1136
70 139
70 149
70 437
70 1502
71 1083
72 473
72 773
73 1066
74 612
74 736
74 1831
74 1852
75 884
75 1229
75 1430
75 1877
76 447
76 540
76 1034
77 1178
77 1390
78 197
78 271
78 587
79 127
79 343
80 1374
80 1388
80 1546
81 534
81 819
81 1013
82 391
82 1092
83 1580
84 662
84 828
84 1283
84 1305
85 715
85 1835
86 271
88 851
89 110
89 178
89 537
90 350
90 430
90 1151
90 1516
91 395
91 999
91 1841
92 797
92 1083
93 278
93 584
93 1797
94 880
94 1125
94 1588
95 1481
95 1716
95 1865
96 1188
96 1606
97 876
98 101
98 490
99 1624
100 463
100 484
102 498
102 811
102 1300
103 490
104 128
104 962
104 1253
105 245
105 950
105 1147
106 1017
106 1346
107 1477
107 1616
107 1820
108 1533
109 600
109 936
109 938
111 1703
112 944
113 130
114 119
114 1571
115 823
115 1373
116 1138
116 1284
117 1337
118 1571
120 176
120 780
121 133
121 272
122 272
123 486
123 1297
123 1414
123 1695
124 1583
125 896
125 1096
126 679
126 1093
126 1480
127 322
127 441
128 1513
129 293
130 1203
130 1613
130 1662
131 786
131 1542
131 1725
132 181
132 1222
134 150
134 188
135 138
136 793
136 1463
137 1161
138 1263
139 832
139 1344
140 1118
140 1268
140 1281
141 1545
142 149
142 563
142 941
142 1298
143 1263
144 437
144 1376
145 612
145 1702
146 1066
146 1356
147 1272
148 1509
149 1734
150 1112
150 1439
150 1503
150 1774
151 274
151 585
151 909
151 1569
151 1613
152 1379
152 1565
153 695
153 795
153 1491
154 259
154 469
154 659
155 714
155 862
155 1468
155 1744
156 1028
156 1617
156 1836
157 289
157 1471
157 1509
158 1572
159 1505
160 255
160 1326
161 552
161 1208
161 1295
162 496
162 645
163 164
163 175
165 801
165 1579
166 648
167 175
168 169
169 540
169 1382
169 1429
169 1748
170 1472
170 1728
171 609
171 1177
171 1189
172 728
172 1442
173 746
174 1767
174 186
176 537
176 852
177 645
177 789
177 1180
178 245
178 1828
178 1873
179 242
179 1262
180 1500
181 1057
181 1475
182 247
182 951
182 1011
182 1665
183 893
184 331
184 1373
185 627
185 1316
185 1338
186 364
187 512
189 442
190 1253
190 1298
190 1624
191 445
191 851
191 1436
192 1252
193 199
193 196
194 682
195 701
195 1471
195 1547
196 374
197 330
197 968
198 970
200 487
200 1365
201 625
202 352
202 1574
202 1823
203 1140
203 1733
204 635
205 1840
206 1499
207 1561
208 1617
209 1315
209 1331
209 1355
209 1533
210 470
210 955
210 1230
211 212
211 1561
213 248
213 1376
214 1394
214 1874
215 316
216 220
216 233
217 746
217 1368
218 246
218 660
218 909
218 1011
219 1029
219 1146
219 1198
221 1075
221 1369
221 1450
221 1516
222 851
223 325
223 1765
224 474
224 569
224 817
224 842
225 688
225 1756
226 1073
227 1023
227 1539
227 1802
228 233
229 1545
230 1159
231 1297
232 289
232 394
234 772
234 976
235 1070
235 1145
235 1500
235 1706
236 237
236 249
238 546
238 1205
239 1334
240 500
241 1247
242 1124
242 1599
243 1450
244 1113
244 1293
244 1558
245 331
245 588
245 1275
245 1772
248 766
248 1318
249 1330
250 752
250 1601
251 436
252 873
252 1838
253 1623
254 270
254 282
256 803
256 1248
256 1350
257 303
257 1061
258 585
258 997
259 1519
260 328
260 1717
260 1868
261 1564
262 406
262 922
262 1456
262 1535
262 1701
263 677
263 1400
264 486
264 1300
265 1091
265 1142
265 1240
266 696
266 857
266 1460
267 617
267 681
268 758
268 1096
268 1306
269 765
269 1386
271 274
271 432
271 1140
273 739
273 838
273 1356
274 346
275 1195
275 1462
275 1828
276 721
276 954
276 1601
277 1012
277 1744
278 1359
278 1395
279 499
280 472
280 1297
280 1745
281 1364
282 283
285 297
286 1120
286 1278
287 1483
288 369
288 836
288 1276
288 1631
288 1857
290 1430
290 1553
290 1576
291 1219
291 1309
291 1342
292 658
292 951
292 1429
293 1089
293 1138
293 1251
293 1748
293 1874
294 583
295 584
295 984
296 1500
297 299
299 300
301 1376
302 1020
302 1587
302 1599
303 755
304 690
305 1685
306 533
306 1105
306 1829
307 595
307 1590
308 686
308 1240
309 1220
310 314
311 694
311 1837
312 720
312 313
313 1255
314 1220
315 320
316 1117
316 1657
317 1165
317 320
318 586
318 695
318 1676
319 742
321 324
321 742
322 1879
323 1101
323 1196
323 1370
325 453
325 556
326 810
326 842
326 922
326 1353
327 515
329 909
329 1146
329 1773
330 636
331 792
332 1364
332 1666
333 443
333 1459
334 829
335 633
335 1737
335 1852
336 539
336 1215
337 856
337 1063
338 876
338 892
338 1789
339 1779
340 919
340 1256
341 349
342 469
342 879
342 1400
343 1604
344 476
344 921
344 1577
345 602
346 1175
347 500
347 963
349 358
350 912
351 358
352 1041
352 1126
353 1772
354 357
354 872
354 1196
354 1429
355 769
356 1445
356 1879
357 616
359 1054
360 1641
360 1877
361 503
362 933
362 1048
362 1288
362 1694
363 1382
365 769
365 1085
366 1472
367 368
368 377
369 1722
370 978
370 1683
371 796
371 1219
371 1267
371 1793
372 377
373 551
373 1621
375 1119
376 758
376 1052
376 1700
378 397
378 400
379 658
379 1324
379 1600
380 628
380 702
380 997
380 1273
381 911
381 1372
382 1536
383 1296
383 1818
384 563
384 1223
384 1642
384 1694
385 822
386 404
386 728
386 1122
386 1247
386 1289
387 679
387 827
387 1869
388 436
389 1286
390 1675
390 1722
391 1434
391 1440
392 516
392 629
392 860
393 1783
393 1871
394 762
395 528
395 1458
395 1637
396 560
396 1153
398 1032
398 1524
399 867
400 405
401 722
401 1060
402 525
402 408
403 893
404 425
404 465
404 603
404 1141
406 527
406 1433
407 1646
408 412
409 495
409 944
409 1721
410 1105
411 536
411 1704
411 1711
411 1730
413 883
413 1318
413 1491
413 1778
414 717
415 574
416 1091
417 421
417 717
418 1406
419 849
419 1207
419 1274
420 586
420 587
420 1388
420 1493
422 568
422 1556
423 1468
424 825
424 851
424 1007
424 1525
424 1580
424 1594
426 664
426 934
427 551
427 793
428 433
429 1266
431 534
431 1878
432 756
432 983
432 1244
433 1266
434 549
435 440
435 1024
435 1751
436 944
436 1206
437 1668
438 588
438 1557
439 448
440 712
440 968
441 562
442 792
442 1211
443 1570
444 1188
444 1818
445 504
445 1693
446 703
446 1794
448 459
449 654
449 1101
449 1659
450 918
450 996
450 1419
451 941
451 1476
452 832
454 1463
455 1836
456 649
456 861
456 943
456 1213
456 1431
456 1830
457 1837
458 772
458 1118
459 460
462 466
463 1181
463 1636
464 1830
465 1688
466 475
467 949
468 883
469 938
469 1025
471 664
472 1580
473 531
473 1408
474 745
475 580
476 1608
477 810
477 1230
478 1260
478 1812
479 493
479 1086
479 1549
479 1714
480 1402
481 644
481 1506
482 575
482 944
482 1017
483 537
483 889
483 1201
484 502
484 1031
484 1327
485 554
485 1213
486 1666
488 1122
488 1139
488 1254
488 1340
489 1182
489 1227
489 1669
491 501
491 497
492 724
492 1515
492 1825
493 807
493 838
494 687
494 712
495 1057
495 1856
496 736
496 1565
496 1860
497 1417
499 1482
500 1199
503 1007
503 1714
505 506
505 530
507 699
507 1214
507 1247
508 1477
509 1025
510 530
511 1114
512 589
512 1358
513 1290
514 1749
515 1455
516 1120
516 1828
516 1845
517 951
518 790
519 554
519 846
519 1550
520 1863
520 1114
521 1185
521 1425
521 1782
522 1161
523 1230
524 1052
526 788
526 1178
529 1711
529 1764
531 1862
532 1109
532 538
533 948
534 766
535 1279
535 1395
535 1543
538 559
539 1389
539 1442
540 582
541 647
541 564
542 883
542 1260
542 1546
543 615
544 981
544 1174
545 1304
547 1294
549 1260
552 570
553 582
553 1584
554 1775
555 1534
556 625
557 966
558 1105
558 1797
561 823
561 866
562 1408
562 1625
563 941
563 952
564 565
566 1642
567 573
571 650
571 985
572 1260
573 593
574 910
574 1242
574 1399
575 1318
576 1270
577 587
577 1055
578 1034
579 1283
581 1522
582 1520
582 1658
583 1763
586 951
586 1128
586 1185
586 1470
587 785
587 928
587 975
587 1054
589 1725
590 1189
590 1375
591 593
592 831
594 604
594 613
595 1205
595 1731
596 675
596 1568
597 964
597 1855
598 601
598 1150
599 1315
599 1606
600 1805
601 689
601 1033
602 1087
605 1087
606 914
606 1006
606 1389
607 613
608 787
609 757
609 860
609 1352
610 1522
611 1700
614 1018
614 1034
614 1272
615 1064
617 1140
618 1456
619 782
619 1768
621 1084
622 1515
624 1483
625 1040
626 630
626 1084
627 888
629 650
629 1416
631 634
632 935
632 987
632 1119
632 1285
632 1667
633 1442
634 651
635 667
635 1480
636 1048
637 741
637 979
637 1512
637 1815
638 786
638 1436
639 651
640 920
641 698
641 1108
642 962
643 1199
644 683
646 1216
646 1514
648 1100
648 1408
649 726
649 973
650 1409
652 869
652 1391
653 894
653 1226
656 1634
656 1805
657 956
657 1122
657 1140
658 844
660 1499
661 1248
662 1407
662 1726
663 933
663 1416
664 995
664 1674
665 670
666 1350
667 1356
668 1089
668 1438
669 1634
671 1068
671 1871
672 691
673 1225
673 1261
674 1362
676 1774
677 1474
678 709
678 847
679 1379
680 772
680 1143
682 1376
682 1453
683 697
683 1116
684 730
684 1196
685 892
686 955
687 767
687 825
687 1483
688 904
688 1325
690 1253
690 1359
690 1383
690 1850
692 1862
693 705
694 1405
694 1777
695 925
695 1323
696 1071
696 1284
699 1461
700 1345
702 757
702 1046
704 1451
704 1711
704 1816
706 1346
707 1367
707 1620
708 1121
708 1247
709 1205
709 1295
710 769
710 1413
711 1785
711 1836
712 724
712 806
712 1506
712 1717
713 1259
713 1656
714 988
715 1046
715 1440
715 1553
716 732
718 832
719 1329
721 774
722 725
723 751
724 761
724 804
724 1159
724 1823
725 1089
725 1560
726 878
727 1675
728 818
728 1259
729 735
729 1275
729 1365
729 1504
729 1618
731 1849
732 1218
733 1395
734 754
735 958
735 1634
736 1646
737 1425
738 1249
740 1129
741 1369
741 1716
741 1758
741 1775
743 1332
744 920
744 984
747 840
747 1271
748 757
748 1374
749 1496
752 1237
753 845
755 839
755 1142
755 1841
756 1233
756 1314
757 1541
758 844
759 872
759 981
759 1705
760 1619
760 1625
763 1147
763 1765
764 771
765 1130
765 1468
765 1473
765 1809
766 1754
767 1222
767 1431
767 1732
768 815
768 1197
769 1250
770 1018
770 1414
772 1840
773 1421
773 1757
774 1536
774 1723
775 778
776 948
777 983
777 1688
779 781
782 970
783 784
785 968
785 1673
786 1528
787 1081
788 1301
790 957
791 1318
793 867
793 1413
794 1674
798 799
800 808
801 1065
801 1325
802 1075
802 1404
803 1301
803 1581
803 1726
805 1292
809 1872
811 905
812 814
813 878
813 1050
813 1601
815 1733
816 821
817 1221
817 1320
818 1737
819 820
819 1196
822 1722
822 1771
823 827
823 1135
824 826
825 1820
827 1329
829 938
829 1681
829 1777
830 837
831 1469
832 1157
832 1297
832 1566
833 1279
834 1450
834 1519
835 1110
835 1708
836 1189
839 1237
839 1340
840 1352
841 877
841 1124
841 1615
843 1048
843 1387
845 846
845 1394
845 1651
846 1541
847 952
847 961
848 1684
848 1752
849 1708
850 858
853 1357
854 1145
855 877
857 880
857 950
857 1418
859 979
859 1455
860 1676
861 1199
863 1110
864 865
867 1231
868 1433
869 1555
870 875
871 1807
872 1164
872 1272
874 1020
876 948
876 1690
877 941
877 1240
878 1652
880 1360
880 1875
881 1501
882 891
883 1493
883 1626
885 1090
885 1129
885 1367
885 1632
886 1745
887 1600
890 1641
893 1566
893 1578
894 1446
894 1457
895 948
896 1477
897 1221
898 1250
898 1273
899 906
900 1766
901 1872
902 1002
902 1227
902 1473
903 1206
903 1840
904 1169
907 915
908 1587
909 1642
910 1613
912 1337
913 954
914 1207
914 1793
916 917
919 949
922 1284
923 926
924 966
924 1192
925 1133
925 1820
927 1727
928 1151
928 1415
929 930
931 932
933 1275
934 1338
935 1320
936 1761
937 1807
938 1124
940 1401
941 1246
941 1374
941 1462
942 953
943 1675
943 1751
945 1398
945 1583
946 952
946 1074
946 1630
946 1658
946 1746
947 1230
948 1414
949 1397
950 1338
952 1248
954 1869
957 1007
957 1650
958 1243
959 1231
959 1621
960 1580
961 1210
961 1448
963 1790
964 1496
965 967
966 1205
966 1683
969 977
970 1029
970 1452
971 1074
972 1252
972 1751
974 1781
976 1505
978 1247
980 990
981 1329
982 1793
983 1179
983 1757
984 1126
984 1683
986 1029
988 999
989 1239
989 1193
991 1046
992 1004
994 1148
995 1359
995 1551
996 1061
996 1359
996 1371
996 1808
997 1684
998 1800
999 1769
1000 1334
1001 1181
1002 1290
1002 1381
1003 1228
1005 1434
1005 1454
1006 1305
1008 1016
1009 1118
1009 1163
1009 1371
1010 1042
1012 1101
1014 1262
1014 1750
1015 1634
1019 1026
1020 1202
1020 1293
1020 1530
1021 1039
1021 1196
1022 1407
1022 1409
1022 1511
1022 1793
1024 1549
1024 1769
1025 1705
1027 1030
1032 1632
1033 1621
1033 1861
1034 1725
1035 1055
1036 1038
1037 1077
1041 1765
1042 1073
1043 1728
1044 1049
1045 1790
1047 1860
1051 1056
1052 1136
1053 1148
1053 1473
1053 1647
1054 1774
1058 1608
1059 1062
1061 1403
1063 1310
1066 1792
1067 1112
1067 1234
1067 1375
1068 1593
1069 1072
1071 1745
1074 1588
1074 1736
1075 1410
1076 1466
1076 1597
1078 1178
1078 1343
1078 1563
1079 1080
1082 1411
1082 1724
1086 1116
1086 1304
1087 1208
1087 1402
1087 1542
1087 1873
1088 1676
1089 1689
1091 1516
1092 1457
1092 1768
1093 1721
1094 1131
1094 1533
1095 1097
1098 1463
1099 1235
1101 1304
1101 1852
1102 1106
1103 1624
1103 1712
1104 1700
1104 1728
1107 1457
1110 1534
1111 1127
1113 1264
1115 1445
1118 1353
1119 1757
1120 1138
1120 1180
1120 1788
1120 1843
1121 1202
1121 1324
1121 1510
1122 1222
1123 1451
1124 1621
1124 1801
1125 1418
1126 1771
1128 1492
1132 1375
1132 1781
1134 1341
1135 1713
1136 1500
1137 1759
1139 1237
1142 1153
1144 1424
1147 1740
1148 1285
1148 1322
1149 1309
1150 1182
1150 1216
1152 1646
1153 1713
1154 1155
1156 1352
1156 1680
1158 1171
1159 1710
1160 1166
1162 1232
1163 1825
1164 1206
1167 1168
1169 1771
1170 1172
1171 1483
1171 1748
1173 1497
1173 1509
1174 1248
1174 1317
1175 1269
1176 1186
1177 1450
1178 1827
1178 1833
1179 1665
1180 1414
1181 1634
1182 1710
1183 1467
1184 1371
1185 1535
1187 1507
1188 1587
1189 1832
1190 1212
1191 1204
1191 1609
1194 1490
1195 1217
1198 1323
1198 1694
1198 1856
1199 1812
1200 1699
1200 1808
1202 1467
1203 1329
1204 1710
1207 1801
1211 1436
1214 1398
1214 1530
1216 1409
1216 1810
1218 1591
1219 1487
1223 1368
1224 1491
1226 1448
1226 1711
1226 1808
1228 1270
1232 1669
1233 1643
1233 1830
1236 1363
1238 1258
1240 1420
1241 1370
1241 1516
1241 1764
1244 1601
1245 1319
1246 1465
1246 1857
1247 1320
1247 1675
1248 1788
1249 1491
1251 1558
1254 1432
1257 1878
1259 1423
1260 1306
1261 1734
1262 1390
1265 1277
1269 1730
1271 1473
1271 1658
1271 1726
1272 1412
1272 1817
1273 1627
1280 1801
1281 1806
1282 1291
1283 1708
1284 1397
1285 1788
1286 1371
1287 1680
1288 1858
1289 1473
1289 1697
1289 1800
1290 1458
1296 1312
1296 1495
1296 1760
1297 1538
1297 1588
1297 1870
1298 1404
1299 1303
1301 1615
1302 1534
1302 1577
1305 1598
1305 1804
1307 1872
1308 1321
1310 1738
1311 1380
1311 1572
1312 1512
1313 1789
1314 1542
1315 1596
1322 1622
1323 1334
1328 1333
1331 1500
1332 1736
1335 1349
1336 1419
1336 1869
1337 1395
1337 1473
1339 1395
1339 1665
1341 1351
1341 1403
1341 1444
1342 1457
1345 1411
1346 1762
1347 1653
1348 1628
1352 1513
1354 1474
1357 1441
1357 1682
1359 1857
1361 1366
1362 1777
1365 1787
1368 1379
1368 1749
1369 1708
1370 1763
1371 1452
1373 1498
1373 1543
1374 1466
1375 1452
1376 1792
1377 1467
1377 1532
1377 1646
1377 1826
1378 1552
1379 1387
1382 1433
1382 1579
1384 1754
1385 1834
1389 1610
1390 1395
1392 1393
1394 1839
1395 1443
1395 1464
1396 1422
1397 1756
1398 1687
1398 1833
1398 1881
1400 1705
1402 1406
1403 1704
1404 1443
1406 1819
1413 1671
1420 1729
1426 1427
1428 1435
1429 1827
1437 1449
1438 1450
1440 1646
1440 1694
1446 1534
1446 1545
1446 1787
1447 1599
1453 1842
1454 1696
1458 1502
1458 1626
1459 1523
1460 1488
1462 1876
1464 1880
1469 1740
1470 1730
1472 1821
1478 1479
1484 1781
1485 1486
1489 1673
1493 1620
1494 1508
1501 1825
1501 1844
1506 1714
1509 1879
1511 1768
1512 1792
1513 1654
1515 1654
1516 1640
1518 1537
1518 1680
1520 1829
1521 1526
1524 1704
1527 1529
1531 1540
1535 1702
1541 1830
1544 1554
1548 1696
1551 1650
1553 1623
1555 1641
1557 1667
1557 1809
1559 1562
1560 1793
1563 1576
1564 1588
1566 1573
1566 1800
1567 1647
1568 1580
1570 1726
1575 1690
1576 1685
1578 1720
1582 1585
1586 1589
1588 1598
1592 1595
1602 1603
1605 1680
1611 1612
1614 1633
1615 1680
1623 1777
1625 1690
1628 1746
1629 1733
1631 1741
1635 1823
1636 1711
1637 1659
1638 1648
1644 1873
1645 1657
1649 1764
1652 1662
1655 1708
1657 1711
1660 1661
1663 1664
1667 1832
1670 1779
1672 1677
1674 1868
1678 1679
1680 1840
1684 1756
1686 1691
1688 1875
1690 1805
1692 1747
1695 1802
1698 1707
1702 1802
1703 1867
1703 1874
1706 1773
1706 1783
1709 1723
1715 1718
1719 1739
1720 1837
1735 1829
1742 1743
1753 1755
1757 1832
1768 1838
1770 1780
1776 1844
1779 1865
1784 1786
1789 1803
1791 1795
1792 1859
1796 1798
1811 1813
1814 1822
1824 1846
1847 1848
1851 1853
1854 1864
